100
-4.696065873836031 -0.3135884535955302 -1.7249222085317726 -5.363737106491062 
-4.726065873836031 -0.34358845359553025 -4.091517998026304 -4.380837426917943 
-4.696065873836031 -0.3135884535955302 -4.091517998026304 -4.715645930255405 
-4.7560658738360315 -0.2835884535955302 -4.121517998026304 -4.715645930255405 
-4.7560658738360315 -0.3735884535955303 -4.091517998026304 -5.3337371064910615 
-3.554476555369625 -0.3135884535955302 -4.061517998026304 -4.410837426917944 
-4.696065873836031 -0.3135884535955302 -1.7249222085317726 -4.440837426917944 
-3.5244765553696253 -0.3135884535955302 -4.091517998026304 -4.655645930255404 
-4.726065873836031 -0.3135884535955302 -6.441502022811748 -4.715645930255405 
-4.726065873836031 -0.34358845359553025 -4.091517998026304 -5.363737106491062 
-3.554476555369625 -0.3135884535955302 -1.7249222085317726 -4.745645930255405 
-4.696065873836031 -0.3135884535955302 -6.411502022811748 -5.363737106491062 
-4.726065873836031 -0.3135884535955302 -6.441502022811748 -4.410837426917944 
-4.696065873836031 -0.3735884535955303 -4.091517998026304 -5.363737106491062 
-3.5244765553696253 -0.2835884535955302 -6.441502022811748 -4.655645930255404 
-4.726065873836031 -0.34358845359553025 -4.091517998026304 -4.380837426917943 
-4.696065873836031 -0.2835884535955302 -4.121517998026304 -4.685645930255404 
-4.7560658738360315 -0.2835884535955302 -4.091517998026304 -4.715645930255405 
-4.696065873836031 -0.3135884535955302 -4.091517998026304 -5.363737106491062 
-4.696065873836031 -0.34358845359553025 -1.7249222085317726 -5.393737106491062 
-4.726065873836031 -0.3135884535955302 -6.411502022811748 -5.363737106491062 
-4.726065873836031 -0.2835884535955302 -6.441502022811748 -4.745645930255405 
-4.7560658738360315 -0.4035884535955303 -4.091517998026304 -4.380837426917943 
-3.4944765553696255 -0.34358845359553025 -6.411502022811748 -4.715645930255405 
-4.726065873836031 -0.3135884535955302 -4.091517998026304 -4.655645930255404 
-4.726065873836031 -0.34358845359553025 -4.121517998026304 -4.380837426917943 
-3.5244765553696253 -0.34358845359553025 -4.121517998026304 -4.655645930255404 
-4.786065873836032 -0.3135884535955302 -4.121517998026304 -4.715645930255405 
-3.5244765553696253 -0.34358845359553025 -4.091517998026304 -4.410837426917944 
-4.726065873836031 -0.25358845359553017 -4.091517998026304 -4.715645930255405 
-4.726065873836031 -0.3735884535955303 -6.471502022811748 -4.380837426917943 
-3.554476555369625 -0.3735884535955303 -4.121517998026304 -4.715645930255405 
-4.696065873836031 -0.3135884535955302 -1.7249222085317726 -4.440837426917944 
-4.7560658738360315 -0.34358845359553025 -4.091517998026304 -4.685645930255404 
-4.726065873836031 -0.3735884535955303 -4.091517998026304 -5.363737106491062 
-3.554476555369625 -0.3735884535955303 -4.061517998026304 -4.685645930255404 
-4.726065873836031 -0.3135884535955302 -6.411502022811748 -4.715645930255405 
-3.5244765553696253 -0.3135884535955302 -4.061517998026304 -4.715645930255405 
-4.726065873836031 -0.34358845359553025 -4.091517998026304 -4.715645930255405 
-4.696065873836031 -0.34358845359553025 -1.7249222085317726 -4.410837426917944 
-4.7560658738360315 -0.2835884535955302 -4.121517998026304 -4.715645930255405 
-4.7560658738360315 -0.34358845359553025 -1.7249222085317726 -4.380837426917943 
-4.7560658738360315 -0.34358845359553025 -1.7549222085317726 -4.380837426917943 
-4.726065873836031 -0.34358845359553025 -6.411502022811748 -4.715645930255405 
-4.7560658738360315 -0.3735884535955303 -4.121517998026304 -4.410837426917944 
-4.786065873836032 -0.34358845359553025 -4.121517998026304 -4.410837426917944 
-3.554476555369625 -0.2835884535955302 -4.091517998026304 -4.715645930255405 
-4.7560658738360315 -0.3735884535955303 -4.091517998026304 -4.685645930255404 
-3.554476555369625 -0.3135884535955302 -4.121517998026304 -4.715645930255405 
-3.5244765553696253 -0.3135884535955302 -4.061517998026304 -4.685645930255404 
-4.726065873836031 -0.3135884535955302 -6.441502022811748 -5.363737106491062 
-3.5244765553696253 -0.34358845359553025 -4.091517998026304 -4.655645930255404 
-3.554476555369625 -0.2835884535955302 -4.091517998026304 -4.685645930255404 
-4.7560658738360315 -0.3135884535955302 -4.091517998026304 -4.715645930255405 
-4.726065873836031 -0.3135884535955302 -6.441502022811748 -4.745645930255405 
-4.726065873836031 -0.34358845359553025 -4.091517998026304 -4.380837426917943 
-4.726065873836031 -0.2835884535955302 -4.121517998026304 -4.380837426917943 
-4.786065873836032 -0.3135884535955302 -4.091517998026304 -4.655645930255404 
-4.696065873836031 -0.3735884535955303 -6.441502022811748 -5.363737106491062 
-3.554476555369625 -0.3735884535955303 -4.121517998026304 -4.380837426917943 
-3.554476555369625 -0.3135884535955302 -4.061517998026304 -4.715645930255405 
-3.5244765553696253 -0.2835884535955302 -4.121517998026304 -4.715645930255405 
-4.7560658738360315 -0.3135884535955302 -6.411502022811748 -4.715645930255405 
-4.696065873836031 -0.3735884535955303 -4.091517998026304 -4.655645930255404 
-4.7560658738360315 -0.3735884535955303 -4.091517998026304 -4.715645930255405 
-4.7560658738360315 -0.3735884535955303 -4.091517998026304 -4.715645930255405 
-3.5244765553696253 -0.3135884535955302 -4.091517998026304 -4.685645930255404 
-4.726065873836031 -0.34358845359553025 -6.441502022811748 -5.363737106491062 
-4.7560658738360315 -0.3735884535955303 -4.061517998026304 -4.685645930255404 
-3.5244765553696253 -0.3135884535955302 -4.091517998026304 -4.655645930255404 
-3.5244765553696253 -0.34358845359553025 -4.121517998026304 -4.410837426917944 
-3.4944765553696255 -0.3135884535955302 -4.091517998026304 -4.745645930255405 
-4.726065873836031 -0.34358845359553025 -4.061517998026304 -4.380837426917943 
-4.696065873836031 -0.3735884535955303 -4.091517998026304 -4.715645930255405 
-4.696065873836031 -0.34358845359553025 -1.6949222085317726 -5.363737106491062 
-4.726065873836031 -0.3135884535955302 -1.7549222085317726 -4.380837426917943 
-4.7560658738360315 -0.3735884535955303 -4.091517998026304 -4.715645930255405 
-4.726065873836031 -0.34358845359553025 -4.061517998026304 -4.715645930255405 
-4.696065873836031 -0.3135884535955302 -6.411502022811748 -4.745645930255405 
-4.786065873836032 -0.3135884535955302 -4.091517998026304 -4.685645930255404 
-4.786065873836032 -0.3735884535955303 -6.441502022811748 -5.363737106491062 
-4.696065873836031 -0.3135884535955302 -1.7249222085317726 -4.715645930255405 
-4.696065873836031 -0.34358845359553025 -1.7549222085317726 -5.363737106491062 
-4.696065873836031 -0.3135884535955302 -1.7249222085317726 -4.655645930255404 
-3.5244765553696253 -0.2835884535955302 -4.121517998026304 -4.380837426917943 
-4.726065873836031 -0.3135884535955302 -4.121517998026304 -4.685645930255404 
-4.7560658738360315 -0.3735884535955303 -4.091517998026304 -4.655645930255404 
-4.696065873836031 -0.3135884535955302 -1.7549222085317726 -5.363737106491062 
-4.726065873836031 -0.3735884535955303 -6.441502022811748 -5.363737106491062 
-4.696065873836031 -0.2835884535955302 -1.7249222085317726 -4.655645930255404 
-3.554476555369625 -0.34358845359553025 -4.091517998026304 -4.655645930255404 
-4.786065873836032 -0.3735884535955303 -4.091517998026304 -4.715645930255405 
-4.696065873836031 -0.2835884535955302 -1.7249222085317726 -5.363737106491062 
-4.7560658738360315 -0.4035884535955303 -4.061517998026304 -4.685645930255404 
-4.696065873836031 -0.34358845359553025 -4.091517998026304 -4.715645930255405 
-4.696065873836031 -0.3135884535955302 -1.7249222085317726 -5.363737106491062 
-4.696065873836031 -0.34358845359553025 -1.7549222085317726 -4.685645930255404 
-4.696065873836031 -0.3135884535955302 -1.7249222085317726 -4.715645930255405 
-4.7560658738360315 -0.34358845359553025 -4.121517998026304 -4.410837426917944 
-3.5244765553696253 -0.3135884535955302 -4.091517998026304 -4.655645930255404 
