40
-5.3296933685274395 -2.553857762660014 -7.6340408696995325 3.196882222967972 
-9.606808104394108 -0.9783458743558597 -2.932248182120796 -2.0543208527493206 
-2.9097024515687493 -0.9783458743558597 -7.191628549429003 -7.743393401052682 
-2.6097465623368716 -0.9783458743558597 -7.834258359936899 -1.8576156492220364 
-9.636808104394108 -2.553857762660014 -7.6340408696995325 3.196882222967972 
-9.636808104394108 -2.583857762660014 -3.3950459447441776 -9.348474159467713 
-9.636808104394108 -0.9483458743558597 -7.191628549429003 -7.743393401052682 
-9.636808104394108 -2.6138577626600137 -3.3950459447441776 -2.0543208527493206 
-2.9097024515687493 -1.9238052564697998 -2.962248182120796 -2.0543208527493206 
-5.538994672547207 -2.290046025180022 -6.567789066154144 4.411486266169796 
-2.939702451568749 -2.553857762660014 -7.8942583599369 -9.867069184627615 
-9.636808104394108 -0.9483458743558597 -7.8942583599369 -2.0543208527493206 
-5.3296933685274395 -0.9783458743558597 -2.932248182120796 -7.743393401052682 
-5.299693368527439 -2.583857762660014 -3.365045944744178 -2.0543208527493206 
-2.939702451568749 -2.583857762660014 -7.191628549429003 -9.837069184627616 
-2.939702451568749 -1.9238052564697998 -7.191628549429003 -9.837069184627616 
-5.538994672547207 -2.3200460251800217 -6.567789066154144 -9.318474159467714 
-5.3296933685274395 -0.9783458743558597 -7.191628549429003 3.1668822229679723 
-9.636808104394108 -1.0083458743558598 -2.932248182120796 -2.024320852749321 
-9.636808104394108 1.5493437637601228 -7.864258359936899 -2.0543208527493206 
-5.3296933685274395 -2.583857762660014 -3.3950459447441776 -9.318474159467714 
-1.940089912612778 9.501073760346056 -2.932248182120796 -7.743393401052682 
-5.3296933685274395 -2.553857762660014 6.170367840842811 3.196882222967972 
-5.3296933685274395 -1.8938052564697998 -7.161628549429003 -9.837069184627616 
-5.3296933685274395 -2.583857762660014 -7.864258359936899 -9.837069184627616 
-9.636808104394108 -0.9783458743558597 -2.932248182120796 -2.024320852749321 
-5.538994672547207 -2.3200460251800217 -6.567789066154144 4.381486266169795 
-5.35969336852744 -2.3200460251800217 -6.567789066154144 -2.0543208527493206 
-5.3296933685274395 -2.553857762660014 -7.664040869699533 3.196882222967972 
-2.939702451568749 -6.892016747212544 -5.690394939701057 -9.837069184627616 
-5.35969336852744 -0.9783458743558597 -2.962248182120796 -2.0543208527493206 
-2.939702451568749 -1.9538052564697999 -7.8942583599369 -1.8576156492220364 
1.4187065632318063 -1.9238052564697998 -7.6340408696995325 -9.867069184627615 
-9.606808104394108 -7.408491557960721 -2.932248182120796 -2.0543208527493206 
-9.57680810439411 -7.408491557960721 -2.932248182120796 -7.743393401052682 
-9.636808104394108 -2.3200460251800217 -6.567789066154144 -2.024320852749321 
-5.3296933685274395 -2.553857762660014 -6.567789066154144 4.411486266169796 
-5.3296933685274395 -0.9483458743558597 -2.932248182120796 -2.0543208527493206 
-5.35969336852744 -2.3200460251800217 -6.567789066154144 4.411486266169796 
-1.910089912612778 9.501073760346056 -5.720394939701057 7.320015475936501 
